ALX,ALY,ALZ,ARX,ARY,ARZ,EMG0L,EMG1L,EMG2L,EMG3L,EMG4L,EMG5L,EMG6L,EMG7L,EMG0R,EMG1R,EMG2R,EMG3R,EMG4R,EMG5R,EMG6R,EMG7R,GLX,GLY,GLZ,GRX,GRY,GRZ,ORL,OPL,OYL,ORR,OPR,OYR,LHNX,LHNY,LHNZ,RHNX,RHNY,RHNZ,HX,HY,HZ,LTX,LTY,LTZ,RTX,RTY,RTZ,SpineMidX,SpineMidY,SpineMidZ,SpineBaseX,SpineBaseY,SpineBaseZ,ShoulderLeftX,ShoulderLeftY,ShoulderLeftZ,ShoulderRightX,ShoulderRightY,ShoulderRightZ,ElbowLeftX,ElbowLeftY,ElbowLeftZ,ElbowRightX,ElbowRightY,ElbowRightZ,Myo_Pose_left,Myo_Pose_Right,Kinect_pose_left,Kinect_pose_right
0.9648438,-0.2412109,0.1054688,0.9506836,0.1445313,0.2260742,0,0,-1,-4,0,-1,-1,-3,-2,1,0,3,2,-2,-10,-1,-1.5625,-1.5625,-1.5625,2.375,2.375,2.375,3.094859,2.923271,4.191794,5.897525,2.92717,6.847235,-0.1309066,-0.3740885,1.586641,0.1864382,-0.3783529,1.581432,0.03485281,0.4799111,1.647993,-0.08678652,-0.3513368,1.566461,0.2282737,-0.3825268,1.581889,0.03316334,-0.001698223,1.686378,0.03163375,-0.3358285,1.680507,-0.1460883,0.1923784,1.66049,-0.05089987,-0.3286876,1.637485,-0.1762505,-0.0619074,1.663097,0.2284454,-0.07587125,1.680869,NA,NA,NotTracked,NotTracked,
0.9648438,-0.2412109,0.1054688,0.9492188,0.1450195,0.2226563,-3,0,1,2,-1,-1,-1,-1,0,-1,0,-1,-2,-4,-5,0,-1.5625,-1.5625,-1.5625,0.8125,0.8125,0.8125,3.094859,2.923271,4.191794,5.899176,2.928105,6.845783,-0.131548,-0.3754023,1.586606,0.1861687,-0.3787542,1.582597,0.03484195,0.47993,1.647989,-0.08477394,-0.3919425,1.558455,0.227293,-0.3897609,1.581412,0.03316296,-0.001683923,1.686379,0.0316492,-0.3358071,1.680521,-0.146139,0.1924123,1.66045,-0.05089776,-0.3286695,1.637534,-0.176269,-0.06190484,1.6631,0.2284929,-0.0757532,1.680971,NA,NA,NotTracked,NotTracked,
0.9628906,-0.2368164,0.1020508,0.9516602,0.1357422,0.2124023,-1,-2,-3,-3,-3,-2,-1,-1,0,0,-1,6,16,1,37,0,-0.75,-0.75,-0.75,1.1875,1.1875,1.1875,3.096071,2.923118,4.189794,5.899476,2.926787,6.848594,-0.1316133,-0.3756298,1.587677,0.1866059,-0.378634,1.58315,0.03484567,0.4800044,1.648033,-0.0877686,-0.361823,1.562767,0.2279595,-0.4118518,1.591259,0.03317479,-0.001669273,1.686374,0.03163997,-0.3357901,1.680541,-0.1461677,0.1924131,1.66046,-0.05091044,-0.3286531,1.637569,-0.1763015,-0.06191613,1.663058,0.2285078,-0.07572172,1.680985,NA,NA,NotTracked,NotTracked,
0.9628906,-0.2368164,0.1020508,0.953125,0.1386719,0.215332,-1,-1,0,3,0,-1,1,0,1,0,-1,-2,-5,-2,-8,-1,-0.75,-0.75,-0.75,0.9375,0.9375,0.9375,3.096071,2.923118,4.189794,5.899416,2.926387,6.848938,-0.1311416,-0.3752186,1.586546,0.1864011,-0.379081,1.582076,0.03484522,0.4800026,1.648044,-0.08549263,-0.3606738,1.565677,0.2279817,-0.4267956,1.594,0.0331903,-0.00167887,1.686375,0.03160124,-0.3357898,1.680578,-0.1462023,0.1925595,1.660434,-0.05094535,-0.3286549,1.637644,-0.1763183,-0.06188928,1.663013,0.2285043,-0.07570494,1.680974,NA,NA,NotTracked,NotTracked,
0.9589844,-0.2387695,0.1069336,0.9487305,0.1342773,0.2089844,-2,-2,0,1,-2,0,-1,-3,-2,0,0,1,5,-1,-2,0,-1.4375,-1.4375,-1.4375,1.4375,1.4375,1.4375,3.097282,2.922966,4.187793,5.899977,2.925495,6.851861,-0.1319175,-0.3700147,1.588005,0.1861201,-0.3792892,1.582019,0.03485493,0.4799745,1.648054,-0.08636743,-0.3448298,1.567417,0.2281293,-0.4206973,1.594094,0.0331669,-0.001704248,1.686359,0.0315735,-0.3358207,1.680589,-0.1461781,0.1925571,1.660375,-0.05097135,-0.3286901,1.63765,-0.1763498,-0.06196986,1.66291,0.2285261,-0.07573546,1.680931,NA,NA,NotTracked,NotTracked,
0.9589844,-0.2280273,0.09667969,0.9384766,0.1420898,0.2045898,0,1,-1,-3,0,-2,-1,-2,-1,-1,-2,-4,-4,-2,-5,-1,0.3125,0.3125,0.3125,-1.375,-1.375,-1.375,3.099963,2.92242,4.185021,5.902269,2.924868,6.849887,-0.1316722,-0.3736688,1.587808,0.1863471,-0.3793368,1.582038,0.03487159,0.4799849,1.64805,-0.08729239,-0.3581332,1.563526,0.228061,-0.3818169,1.580857,0.03317174,-0.001698879,1.68641,0.03154901,-0.3358323,1.680643,-0.1461797,0.1925885,1.660331,-0.05098315,-0.3286881,1.637686,-0.1763226,-0.06208525,1.66281,0.2285166,-0.0757001,1.680967,NA,NA,NotTracked,NotTracked,
0.9633789,-0.2475586,0.09814453,0.9467773,0.1376953,0.2197266,-1,-7,-1,1,0,-1,-1,-1,0,-1,-1,-3,-8,-1,0,-2,-1.5625,-1.5625,-1.5625,-1,-1,-1,3.099163,2.922091,4.184944,5.899416,2.924981,6.850506,-0.1310404,-0.3753317,1.588166,0.1864181,-0.3783408,1.582579,0.03494597,0.4800565,1.64807,-0.08511913,-0.3657082,1.567266,0.2277234,-0.416602,1.592,0.03318517,-0.001658883,1.6864,0.03153196,-0.335788,1.680648,-0.1461808,0.1926509,1.660319,-0.05101064,-0.3286385,1.637702,-0.1763285,-0.0621029,1.662811,0.2285121,-0.07568786,1.680992,NA,NA,NotTracked,NotTracked,
0.9643555,-0.2519531,0.1025391,0.9414063,0.1425781,0.2148438,2,0,2,17,0,0,-3,0,-1,0,0,-3,-4,-2,-3,-1,-1.6875,-1.6875,-1.6875,-2.75,-2.75,-2.75,3.096236,2.923327,4.186877,5.896533,2.926041,6.850957,-0.1312732,-0.3757677,1.587451,0.186794,-0.3787333,1.58273,0.0350624,0.4800848,1.648105,-0.08579325,-0.3583271,1.566449,0.2281895,-0.4140502,1.592767,0.0331954,-0.001655862,1.686391,0.03151576,-0.3357782,1.680663,-0.1461794,0.1927237,1.660279,-0.05102327,-0.3286177,1.637725,-0.1763408,-0.06213334,1.662827,0.2285146,-0.07567313,1.680994,NA,NA,NotTracked,NotTracked,
0.9643555,-0.2519531,0.1025391,0.9501953,0.1386719,0.2158203,-1,-3,0,1,-4,1,-2,1,0,0,-1,2,4,-2,-4,0,-1.6875,-1.6875,-1.6875,-2.5625,-2.5625,-2.5625,3.096236,2.923327,4.186877,5.891756,2.927545,6.851051,-0.1324262,-0.3747411,1.586908,0.186853,-0.3780226,1.582705,0.03523237,0.4800641,1.648284,-0.08961747,-0.366285,1.562891,0.2275818,-0.3811711,1.579409,0.03324434,-0.001661315,1.68646,0.03152797,-0.3357996,1.6807,-0.1461654,0.19275,1.660273,-0.05100808,-0.3286485,1.637767,-0.176346,-0.06219851,1.662752,0.2285651,-0.07564572,1.681072,NA,NA,NotTracked,NotTracked,
0.9516602,-0.2871094,0.09082031,0.9467773,0.1376953,0.2143555,1,-1,-3,-11,-6,-3,0,-2,0,-1,-1,-3,-5,1,2,-1,-4.875,-4.875,-4.875,-2.4375,-2.4375,-2.4375,3.065127,2.926359,4.207123,5.883306,2.930957,6.853295,-0.1323364,-0.3747666,1.583531,0.1867259,-0.3785934,1.581362,0.03545956,0.4801057,1.648441,-0.0914973,-0.3650156,1.554797,0.2271065,-0.4143916,1.587667,0.03330284,-0.001661628,1.686432,0.03158194,-0.3358005,1.680598,-0.1460966,0.1927377,1.660202,-0.05096563,-0.328649,1.637647,-0.1765343,-0.06167278,1.662054,0.2286027,-0.07561458,1.681053,NA,NA,NotTracked,NotTracked,
0.9702148,-0.2426758,0.06445313,0.9506836,0.1479492,0.2202148,-2,-3,-3,-7,0,-2,-1,-1,0,-1,1,-5,-1,1,2,-1,-6.8125,-6.8125,-6.8125,-1.6875,-1.6875,-1.6875,3.036766,2.935688,4.229122,5.885701,2.934352,6.849806,-0.1319272,-0.3733677,1.577256,0.1870684,-0.3790264,1.582176,0.03576253,0.4802653,1.648837,-0.09036165,-0.3613775,1.551445,0.2289809,-0.3982744,1.5884,0.03336272,-0.00162514,1.686454,0.03163699,-0.3357758,1.680529,-0.146061,0.1927705,1.660218,-0.05091457,-0.3286261,1.637562,-0.1766836,-0.06141069,1.661418,0.2286547,-0.07562844,1.681158,NA,NA,NotTracked,NotTracked,
0.9824219,-0.3237305,0.1108398,0.9477539,0.1386719,0.2241211,0,2,0,5,3,-2,2,-1,3,-1,-1,5,4,1,-2,-3,-10.375,-10.375,-10.375,-1.375,-1.375,-1.375,3.004764,2.965961,4.237568,5.879747,2.939267,6.850268,-0.1338111,-0.3549818,1.566047,0.1864599,-0.3798334,1.581233,0.03627057,0.4802912,1.649392,-0.09335314,-0.3457354,1.541807,0.2272415,-0.4175057,1.588667,0.03358068,-0.001609493,1.686473,0.03182213,-0.3358177,1.680344,-0.1459068,0.1926982,1.660161,-0.05071964,-0.3286984,1.63733,-0.1774532,-0.0600863,1.660394,0.2286745,-0.07567566,1.681219,NA,NA,NotTracked,NotTracked,
0.9897461,-0.3964844,0.1518555,0.9355469,0.1416016,0.2246094,-1,0,0,8,32,3,3,0,-2,-2,0,-4,-5,1,4,-2,-12.375,-12.375,-12.375,-3.75,-3.75,-3.75,3.07606,3.136295,4.149236,5.873141,2.945109,6.85079,-0.1283313,-0.3439952,1.544927,0.1863717,-0.3795397,1.581638,0.03715632,0.4802867,1.650628,-0.08646706,-0.3458823,1.511525,0.2276388,-0.413423,1.589238,0.03398993,-0.001575146,1.686502,0.0324774,-0.3357497,1.679819,-0.1454768,0.1930016,1.660429,-0.05018584,-0.3286751,1.636724,-0.1791913,-0.05645594,1.659733,0.2288132,-0.07617342,1.681673,NA,NA,NotTracked,NotTracked,
0.921875,-0.5385742,0.2324219,0.9404297,0.1479492,0.234375,0,1,-6,0,-19,0,-2,0,-1,-1,-2,-3,-4,1,4,1,-38.9375,-38.9375,-38.9375,0.75,0.75,0.75,3.105287,3.307159,4.060887,5.870063,2.950529,6.852919,-0.1121791,-0.3234379,1.507271,0.1861543,-0.3793284,1.580465,0.03809403,0.480103,1.652032,-0.09455287,-0.2841501,1.555316,0.2263633,-0.4138041,1.586791,0.03493201,-0.001573849,1.68667,0.03401805,-0.3357516,1.678804,-0.1448164,0.1935923,1.660721,-0.04901963,-0.3287895,1.635698,-0.1835548,-0.04840902,1.656616,0.2288668,-0.07630657,1.681949,NA,NA,Unknown,NotTracked,
0.9145508,-0.6816406,0.2802734,0.9482422,0.1503906,0.2431641,3,0,5,1,-10,2,-3,1,0,-2,-2,-3,-5,-1,3,-1,-48.0625,-48.0625,-48.0625,1.9375,1.9375,1.9375,3.104841,3.532044,3.973603,5.868119,2.955706,6.859408,-0.06685801,-0.2732196,1.491353,0.1889854,-0.3722816,1.582099,0.03907769,0.4801458,1.65444,-0.1095479,-0.3476092,1.515714,0.2256501,-0.3745417,1.575556,0.03530623,-0.00160518,1.687043,0.03423636,-0.335834,1.678737,-0.1442454,0.1943913,1.661696,-0.04888766,-0.3290063,1.635692,-0.192844,-0.03968676,1.65179,0.2289846,-0.07627036,1.682439,NA,NA,Unknown,NotTracked,
0.6645508,-0.8774414,0.4492188,0.934082,0.1381836,0.2426758,7,18,-4,-14,12,-1,-2,6,-9,-1,-1,-1,-1,1,-7,-2,-11.0625,-11.0625,-11.0625,1.875,1.875,1.875,3.123887,3.917646,3.847968,5.857603,2.960539,6.871048,-0.03583344,-0.2125466,1.453848,0.1860117,-0.3768937,1.581585,0.03980704,0.4801559,1.656066,-0.03670546,-0.1835442,1.398104,0.2261191,-0.3743991,1.577725,0.03527377,-0.001294917,1.688104,0.03352849,-0.3352437,1.680001,-0.1429969,0.1960188,1.662397,-0.04927702,-0.3284025,1.636648,-0.2037085,-0.02548224,1.642695,0.2290461,-0.07631198,1.682848,NA,NA,Unknown,NotTracked,
0.3945313,-0.7543945,0.4135742,0.9443359,0.1538086,0.2490234,3,-5,1,4,-6,-3,14,3,-1,0,0,3,11,-2,-2,-1,4.0625,4.0625,4.0625,3.3125,3.3125,3.3125,3.176534,4.230436,3.773073,5.855072,2.963799,6.880735,-0.01522865,-0.1376791,1.413124,0.1851519,-0.3787085,1.581286,0.03993327,0.4801576,1.657175,-0.02592672,-0.1014778,1.367225,0.2254057,-0.3774031,1.577309,0.0344379,-0.001100195,1.689797,0.03067198,-0.334685,1.682525,-0.1424188,0.1969367,1.663197,-0.05140123,-0.3270469,1.639071,-0.2062278,-0.01712891,1.630974,0.2290968,-0.0764301,1.683366,NA,NA,Unknown,NotTracked,
0.284668,-0.7763672,0.3554688,0.9506836,0.1459961,0.234375,-2,-8,-1,5,-1,5,7,-1,-4,-2,-1,-3,0,4,-6,0,-20.375,-20.375,-20.375,0.875,0.875,0.875,3.170765,4.517787,3.726999,5.847457,2.964332,6.895777,0.006854768,-0.0688903,1.383257,0.1837915,-0.379831,1.582259,0.03996093,0.4801097,1.658712,0.01559678,-0.05248954,1.33846,0.2231191,-0.4192998,1.59,0.03368653,-0.0005324651,1.691149,0.02879547,-0.3332114,1.683736,-0.1418262,0.1972385,1.663321,-0.05311207,-0.3249702,1.64046,-0.2081249,-0.01243241,1.604279,0.2291156,-0.07639289,1.684176,NA,NA,Unknown,NotTracked,
0.246582,-0.8032227,0.3525391,0.9414063,0.1411133,0.2299805,0,-4,-5,22,6,-7,-11,-7,-1,-2,-1,2,14,5,14,1,-16.9375,-16.9375,-16.9375,0.1875,0.1875,0.1875,3.156884,4.666939,3.702836,5.841002,2.966007,6.901284,0.01061122,-0.02560796,1.366483,0.1821854,-0.3776283,1.58396,0.03993913,0.4800906,1.659958,0.01222462,0.02734035,1.348909,0.2209022,-0.4003592,1.583,0.03319123,0.0001427739,1.692572,0.02757711,-0.3315495,1.685192,-0.1402626,0.1979815,1.662866,-0.05392181,-0.32343,1.641476,-0.2059597,-0.009163769,1.592158,0.2289581,-0.07682969,1.684951,NA,NA,Unknown,NotTracked,
0.1694336,-0.8310547,0.4179688,0.9453125,0.1655273,0.2553711,0,2,-3,33,5,-34,-2,2,2,8,0,-2,1,2,3,2,-12.5,-12.5,-12.5,-6.0625,-6.0625,-6.0625,3.141159,4.860971,3.633405,5.829315,2.973805,6.8962,0.01985691,0.004934518,1.349199,0.1951671,-0.3443152,1.593756,0.0397961,0.480387,1.662208,0.01461778,0.05566671,1.33,0.2273174,-0.3331228,1.584074,0.03222177,0.001645795,1.694886,0.0259787,-0.3286851,1.687811,-0.1301838,0.2004316,1.654715,-0.05471955,-0.3206341,1.642742,-0.2073088,0.002253257,1.568271,0.228214,-0.07707418,1.687226,NA,NA,Unknown,Unknown,
0.1420898,-0.8676758,0.4165039,0.9873047,0.1508789,0.2592773,4,0,-8,10,-3,-1,7,11,1,-2,3,20,3,4,5,2,-8.5,-8.5,-8.5,-1.6875,-1.6875,-1.6875,3.131314,4.864519,3.630564,5.821126,2.984044,6.889936,0.02046939,0.008082643,1.345532,0.1967748,-0.343279,1.595124,0.03977432,0.480597,1.662852,0.01647028,0.03812508,1.312032,0.2333001,-0.3148452,1.595111,0.03179949,0.001899833,1.695436,0.02563634,-0.3282176,1.688454,-0.1285163,0.2006698,1.653075,-0.05480283,-0.3202086,1.64296,-0.2069636,0.004323553,1.563112,0.2277136,-0.07776798,1.688555,NA,NA,Unknown,Unknown,
0.1015625,-0.8959961,0.4106445,1.041992,0.09228516,0.2524414,0,7,6,26,-2,5,-5,-6,-5,-5,6,40,11,1,9,0,2.625,2.625,2.625,18.6875,18.6875,18.6875,3.13177,4.863504,3.635515,5.844005,3.028709,6.878812,0.01932957,0.00761165,1.342841,0.1934785,-0.3436716,1.591369,0.03970587,0.4805781,1.663153,0.01114507,0.04479437,1.315056,0.2208025,-0.3551841,1.57825,0.03163229,0.002007012,1.695676,0.02549422,-0.3278625,1.688734,-0.1276178,0.2008166,1.652051,-0.05482711,-0.3197612,1.642926,-0.2067597,0.005533268,1.560079,0.2273341,-0.07852998,1.69037,NA,NA,Unknown,Unknown,
0.08398438,-0.8857422,0.4101563,1.171875,0.128418,0.4086914,1,-2,-2,-13,2,13,-9,1,2,6,-21,33,8,3,1,1,2.9375,2.9375,2.9375,106.9375,106.9375,106.9375,3.140921,4.858041,3.644588,5.875103,3.231539,6.997535,0.02017219,0.004665999,1.342219,0.1865169,-0.3362154,1.579132,0.03951311,0.4805883,1.663461,0.01625339,0.05521066,1.324733,0.2111187,-0.3421384,1.565517,0.03119302,0.00216168,1.695891,0.02515666,-0.3276174,1.688727,-0.1271856,0.2007588,1.651449,-0.05513989,-0.3194121,1.642569,-0.20669,0.005864342,1.558872,0.2278663,-0.07688077,1.695766,NA,NA,Unknown,Unknown,
0.1010742,-0.878418,0.3945313,0.9155273,0.5380859,0.5634766,2,-6,-10,-34,-9,3,-4,2,17,13,-5,-14,5,2,7,18,15.25,15.25,15.25,61.875,61.875,61.875,3.155567,4.837934,3.655305,5.962121,3.483856,7.07989,0.01851072,-0.005260997,1.341908,0.1617499,-0.3271494,1.550959,0.03926251,0.4806077,1.663566,0.01227007,0.02765571,1.308516,0.1852517,-0.3906991,1.566833,0.03047488,0.002477912,1.696044,0.02458231,-0.3272721,1.688686,-0.1278682,0.2006552,1.651629,-0.05578801,-0.318768,1.642152,-0.2001573,0.002312124,1.560571,0.230647,-0.07031844,1.706146,NA,NA,Unknown,Unknown,
0.1108398,-0.9418945,0.421875,0.671875,0.4716797,0.6469727,1,-3,-6,7,6,11,7,10,-1,-5,38,-6,-1,0,3,2,8.8125,8.8125,8.8125,8.9375,8.9375,8.9375,3.178906,4.797037,3.66996,5.937945,3.755666,7.146493,0.01596906,-0.01360808,1.342532,0.1246126,-0.2985019,1.548577,0.03859797,0.4804743,1.66357,0.007450727,0.02900658,1.312688,0.1671374,-0.3584189,1.581386,0.02988701,0.00248283,1.695955,0.02412866,-0.3272396,1.68854,-0.1294259,0.2006388,1.651778,-0.05610168,-0.3186345,1.641912,-0.2003935,0.001795245,1.560768,0.2342737,-0.06123787,1.711757,NA,NA,Unknown,Unknown,
0.08886719,-0.9550781,0.4418945,0.3256836,0.5585938,0.6274414,-3,4,7,35,0,-11,-2,1,-3,-8,-13,-3,3,6,-10,4,5.5625,5.5625,5.5625,18,18,18,3.195025,4.769047,3.67749,5.957051,4.123994,7.198272,0.01515488,-0.02206379,1.343755,0.09026954,-0.231696,1.531336,0.03730242,0.4803911,1.664045,0.01178384,0.02484571,1.315786,0.1601146,-0.290617,1.569024,0.02941962,0.002555117,1.69609,0.02395017,-0.3272405,1.688525,-0.1294448,0.2004638,1.651654,-0.05617053,-0.3185095,1.641942,-0.200185,0.0005068077,1.563378,0.2372571,-0.05000189,1.715151,NA,NA,Unknown,Unknown,
0.03662109,-0.9331055,0.4145508,0.2167969,0.527832,0.6767578,-4,-4,-3,-26,0,1,0,5,-1,2,1,6,4,1,-7,7,6.75,6.75,6.75,32.125,32.125,32.125,3.19983,4.761655,3.681263,5.984835,4.349491,7.23542,0.01424223,-0.02907397,1.342854,0.07419138,-0.2032381,1.527531,0.03510042,0.4802361,1.665127,0.01278285,0.02023307,1.318,0.1360169,-0.2671805,1.556297,0.02874776,0.002507407,1.696731,0.02387001,-0.327322,1.688639,-0.1288357,0.2002992,1.651325,-0.05614109,-0.3186006,1.642289,-0.1994456,-0.000473978,1.565163,0.2397716,-0.04254505,1.714059,NA,NA,Unknown,Unknown,
-0.1342773,-0.9404297,0.3710938,0.2197266,0.6318359,0.7485352,-1,-1,-1,-4,-5,-8,-5,1,0,2,5,1,1,8,3,18,5.5625,5.5625,5.5625,-9.6875,-9.6875,-9.6875,3.209936,4.757189,3.679148,5.99512,4.508975,7.306887,0.006841953,-0.03836887,1.339795,0.03951521,-0.06307316,1.361524,0.03144165,0.479903,1.667249,0.01646472,0.01499625,1.314882,-0.01628017,-0.06750192,1.338833,0.02759919,0.002586713,1.697486,0.02375629,-0.3273107,1.688778,-0.1287348,0.2002357,1.65123,-0.05620705,-0.318539,1.64263,-0.1993038,-0.001135884,1.566729,0.2435762,-0.0335852,1.701913,NA,NA,NotTracked,Unknown,
0.02148438,-0.8457031,0.184082,0.1811523,0.6386719,0.9780273,3,0,3,1,1,-9,13,3,-4,28,28,6,3,12,13,-6,-1.4375,-1.4375,-1.4375,32.6875,32.6875,32.6875,3.19879,4.73425,3.689882,5.993702,4.599791,7.365771,0.00743896,-0.04387477,1.338092,0.03855383,-0.06864103,1.356222,0.02781341,0.4801822,1.670346,0.008488751,0.002955843,1.309711,0.02900889,-0.09367554,1.411417,0.02667072,0.002367093,1.698408,0.0235932,-0.3276672,1.688995,-0.1326335,0.1984306,1.653331,-0.05636698,-0.3188624,1.643206,-0.1996107,-0.003455098,1.566822,0.2474476,-0.02885859,1.67609,NA,NA,NotTracked,NotTracked,
0.5449219,-0.9848633,0.7177734,-0.1069336,1.144043,0.9736328,-4,-6,-6,48,4,-20,-26,-2,-3,-5,-16,-15,-2,-39,-14,5,0.8125,0.8125,0.8125,71.4375,71.4375,71.4375,3.23454,4.610613,3.682153,6.18628,4.984134,7.379955,0.008834651,-0.04360435,1.34,0.03661002,-0.04002695,1.339823,0.0250732,0.4803392,1.673865,0.0276406,0.008390328,1.316417,0.002460654,-0.02173183,1.361429,0.02580193,0.002339297,1.69966,0.02356301,-0.327782,1.689291,-0.1320878,0.1985355,1.653098,-0.0562488,-0.3189155,1.643714,-0.1995649,-0.003481609,1.567433,0.2477888,-0.01810432,1.645442,NA,NA,NotTracked,NotTracked,
0.7519531,-0.9165039,0.8583984,-0.01171875,0.8535156,0.9819336,-5,0,-8,-23,-1,1,-7,-16,-1,9,8,-2,-2,26,-3,-3,4.25,4.25,4.25,67.625,67.625,67.625,3.250402,4.617718,3.665965,6.31117,5.354403,7.340775,0.0001861927,-0.04541407,1.340453,0.04363568,-0.04206302,1.338171,0.02383173,0.4806225,1.676073,0.00962844,0.0006169538,1.310167,-0.01565431,-0.07516652,1.333667,0.02623454,0.003196418,1.701182,0.02370145,-0.3269686,1.689891,-0.1316502,0.1985002,1.652918,-0.05581002,-0.3181646,1.644099,-0.1992747,-0.003432265,1.56715,0.2464679,-0.004228975,1.583979,NA,NA,NotTracked,NotTracked,
-0.078125,-0.9785156,0.5458984,-0.04638672,0.4985352,0.7783203,3,4,14,-43,-8,7,-4,-6,-3,37,15,2,-1,8,-5,-2,-16.25,-16.25,-16.25,64.125,64.125,64.125,3.232257,4.670079,3.636437,6.412471,5.757768,7.323358,0.01990393,-0.03783984,1.342138,0.06732982,0.1961759,1.38727,0.02276627,0.4803953,1.679165,0.01626687,0.000107715,1.309088,0.03383372,0.1816347,1.374417,0.02488334,0.002441858,1.702471,0.02294361,-0.3299826,1.690874,-0.1342987,0.1969355,1.654776,-0.05719216,-0.3223798,1.648483,-0.2398763,-0.0164425,1.560354,0.2200626,0.04179709,1.547662,NA,NA,Unknown,NotTracked,
0.1611328,-0.9311523,0.4394531,-0.1333008,0.2543945,0.4072266,-3,7,-6,7,3,1,14,11,-11,-9,-14,-3,-4,-12,-9,-1,-18.875,-18.875,-18.875,25.9375,25.9375,25.9375,3.212674,4.692691,3.622052,6.517854,6.191033,7.369024,0.02404968,-0.02914317,1.345896,0.0644635,0.2957202,1.396951,0.01987903,0.4866913,1.681676,0.03649182,0.02481508,1.318444,0.08379205,0.3103625,1.38925,0.02465716,0.00263835,1.702425,0.02194304,-0.3312317,1.691995,-0.1330532,0.1974711,1.654491,-0.05918783,-0.3238023,1.652514,-0.2400613,-0.0165563,1.559442,0.2246047,0.06971805,1.515719,NA,NA,Unknown,Unknown,
0.1303711,-0.9082031,0.3945313,-0.230957,0.1791992,0.2539063,0,-10,-4,10,-3,2,2,0,-6,-18,-9,-1,4,57,-25,0,-10.3125,-10.3125,-10.3125,-4.0625,-4.0625,-4.0625,3.186718,4.736221,3.597128,6.542573,6.380192,7.399594,0.03090869,-0.02056442,1.347206,0.09303648,0.3157398,1.426203,0.01965271,0.4908154,1.681955,0.03475345,0.02985243,1.323923,0.1194212,0.3239213,1.415789,0.0252025,0.003696447,1.704039,0.02181529,-0.3283209,1.693988,-0.1323783,0.1979574,1.65621,-0.05963654,-0.320809,1.653796,-0.2394969,-0.01636919,1.55834,0.1980246,0.1530606,1.473332,NA,NA,Unknown,Unknown,
0.1494141,-0.9267578,0.4106445,-0.3369141,0.2924805,0.3022461,-1,-2,6,46,-1,-4,-13,-2,2,44,-4,-4,-8,-1,-13,9,-7.25,-7.25,-7.25,-19.4375,-19.4375,-19.4375,3.173583,4.75892,3.586293,6.447909,6.415757,7.346972,0.03383805,-0.01548722,1.344269,0.09355951,0.3165364,1.429884,0.01920679,0.4920983,1.68177,0.03856937,0.03642931,1.320077,0.1068878,0.3266834,1.394805,0.02563784,0.004412218,1.704814,0.021898,-0.3262683,1.694617,-0.1316953,0.1980989,1.656502,-0.05985254,-0.3188337,1.654244,-0.2390346,-0.01649346,1.556529,0.2162164,0.09094044,1.497981,NA,NA,Unknown,Unknown,
0.1508789,-0.9077148,0.3999023,-0.4873047,0.5258789,0.3901367,2,4,8,28,0,4,-5,0,1,4,17,22,-3,5,29,4,-8.3125,-8.3125,-8.3125,-42.875,-42.875,-42.875,3.164491,4.774012,3.57937,6.341578,6.244279,7.287865,0.03539906,-0.009937673,1.343851,0.06966679,0.3014035,1.412667,0.019,0.4923423,1.682122,0.0377947,0.04050465,1.319677,0.09664157,0.2999959,1.377452,0.02570841,0.004683079,1.704842,0.02163167,-0.3261084,1.694866,-0.1314753,0.1982927,1.657184,-0.06030401,-0.3187023,1.655241,-0.2403762,-0.01585893,1.552124,0.2120664,0.07428884,1.503626,NA,NA,Unknown,Closed,
0.08496094,-0.9282227,0.3745117,-0.3457031,0.4208984,0.6342773,-2,2,-2,-25,0,-12,-2,-6,11,-4,3,14,4,-22,1,18,-2.75,-2.75,-2.75,-51,-51,-51,3.146794,4.796113,3.581455,6.226645,5.901537,7.246239,0.03467845,-0.006443231,1.341526,0.07110132,0.2105122,1.403176,0.01896455,0.4911168,1.684471,0.03326201,0.0432568,1.315143,0.07651132,0.2218352,1.359357,0.02099657,0.003846299,1.702565,0.02066488,-0.3290969,1.695345,-0.1364965,0.1990022,1.661044,-0.06121698,-0.3220307,1.657883,-0.2417796,-0.01549704,1.546148,0.2086508,0.05228546,1.520471,NA,NA,NotTracked,Closed,
0.0625,-0.9492188,0.3857422,-0.21875,0.7089844,0.7758789,-5,-27,15,29,3,8,4,3,-3,21,7,1,-6,-20,14,2,-2.875,-2.875,-2.875,-71.6875,-71.6875,-71.6875,3.134564,4.816428,3.60259,6.121991,5.480606,7.239847,0.0136862,-0.007083207,1.335488,0.06505599,0.08029493,1.383253,0.02072606,0.4873744,1.686733,0.01123253,0.03632395,1.31,0.1007179,0.1140438,1.410789,0.02168845,0.004047518,1.703984,0.02109679,-0.3280947,1.69532,-0.132506,0.1992657,1.657626,-0.0587644,-0.3193773,1.653651,-0.2180274,-0.01368937,1.519997,0.2200963,-0.02727987,1.581828,NA,NA,NotTracked,NotTracked,
0.1357422,-0.9594727,0.4033203,-0.1064453,1.026855,1.093262,1,8,-5,28,-2,-5,-7,-7,6,6,1,5,5,4,-16,-10,-3.375,-3.375,-3.375,-20.6875,-20.6875,-20.6875,3.127233,4.825851,3.630771,6.037101,4.890533,7.258489,0.02550533,0.001951397,1.325544,0.05420012,-0.002415699,1.326428,0.02118711,0.4863344,1.687557,0.0273188,0.05242709,1.301072,-0.01361414,-0.03298399,1.319,0.02218806,0.004123875,1.70498,0.02145732,-0.3274306,1.695231,-0.1310802,0.1994638,1.656325,-0.05752857,-0.3181946,1.651806,-0.1963544,0.005259258,1.549956,0.2338704,-0.01874388,1.621014,NA,NA,NotTracked,NotTracked,
0.1313477,-0.956543,0.4038086,-0.1064453,1.026855,1.093262,-15,-2,-12,-5,-3,-3,5,0,6,6,1,5,5,4,-16,-10,-2.6875,-2.6875,-2.6875,-20.6875,-20.6875,-20.6875,3.12503,4.828645,3.640152,6.037101,4.890533,7.258489,0.0171913,0.006911864,1.322428,0.03060144,-0.004877264,1.321952,0.02158229,0.4857993,1.687924,0.02242314,0.05602228,1.299503,-0.04772587,-0.02389254,1.315,0.02230639,0.004253248,1.705352,0.02157453,-0.3266532,1.695209,-0.1307933,0.1998128,1.656072,-0.05711389,-0.31738,1.651176,-0.1966311,0.006455768,1.548345,0.237522,-0.02230376,1.656537,NA,NA,NotTracked,NotTracked,
0.09082031,-0.9155273,0.4150391,0.1157227,0.7539063,1.035156,-1,-3,-4,2,-3,-5,-6,-2,9,-11,-33,-10,-8,-11,-7,-6,-11.875,-11.875,-11.875,-39.5,-39.5,-39.5,3.108616,4.851851,3.660319,5.923596,4.559495,7.243011,0.01573065,0.01146422,1.322562,0.01558783,0.0006247711,1.322535,0.02265288,0.4851499,1.688176,0.01450748,0.05819882,1.300333,-0.05249852,-0.01791417,1.315,0.0227567,0.004095001,1.705992,0.02172136,-0.3264505,1.695335,-0.1307013,0.200215,1.655857,-0.05665037,-0.3171634,1.650578,-0.196865,0.007562511,1.546923,0.2365991,-0.025028,1.670156,NA,NA,NotTracked,NotTracked,
0.04199219,-0.9179688,0.4067383,0.1904297,0.5825195,0.8330078,2,0,-12,23,2,-8,0,5,5,-15,-1,-8,-2,32,-4,13,-7.3125,-7.3125,-7.3125,1.375,1.375,1.375,3.099041,4.866366,3.64653,5.915998,4.608891,7.209623,0.01504728,0.01317455,1.322557,0.01126393,0.004239039,1.3235,0.02482791,0.4843688,1.68823,0.01636321,0.05644201,1.300838,-0.05392049,-0.01559722,1.320333,0.02319938,0.00400628,1.706452,0.02191622,-0.3263228,1.695539,-0.1291432,0.2003298,1.654523,-0.05615948,-0.3170313,1.649961,-0.1972403,0.009162053,1.543993,0.2351824,-0.02853758,1.677679,NA,NA,NotTracked,NotTracked,
0.06152344,-0.9306641,0.4008789,0.2788086,0.5253906,0.8173828,0,2,-1,18,1,5,-2,4,23,33,2,9,-1,-18,-24,7,-2.375,-2.375,-2.375,4.375,4.375,4.375,3.099205,4.873946,3.634177,5.926975,4.627544,7.203657,0.0158563,0.01406336,1.323913,0.01249989,0.004124501,1.324237,0.02706641,0.4837253,1.68839,0.01781802,0.05916313,1.300694,-0.05512502,-0.01319093,1.32025,0.02375691,0.004027851,1.707006,0.02226363,-0.3260496,1.695769,-0.1293433,0.2005816,1.654516,-0.05569119,-0.3166821,1.649281,-0.1969177,0.01027272,1.541954,0.235064,-0.02563157,1.67952,NA,NA,NotTracked,NotTracked,
0.09326172,-0.9370117,0.3618164,0.2724609,0.5273438,0.7875977,2,4,-9,-62,-6,0,-4,-2,2,12,-8,-6,-3,-5,-13,18,3,3,3,2.9375,2.9375,2.9375,3.103899,4.880253,3.627064,5.940346,4.628676,7.206815,0.01654189,0.01668167,1.324932,0.00982174,0.005751283,1.326852,0.02871139,0.4835535,1.68878,0.01829312,0.0605295,1.302412,-0.05595501,-0.00672628,1.3232,0.02413696,0.004142545,1.707561,0.02254753,-0.325677,1.696044,-0.1298243,0.2007615,1.655141,-0.05541143,-0.3162984,1.648916,-0.1964211,0.0110135,1.540855,0.235029,-0.0244371,1.679354,NA,NA,NotTracked,NotTracked,
